service_id,monday,tuesday,wednesday,thursday,friday,saturday,sunday,start_date,end_date
BBL 16_17-399-Weekday-01,1,1,1,1,1,0,0,20160722,20160930
BCC 16_17-BCC_FUL-Friday-01,0,0,0,0,1,0,0,20160722,20160930
BCC 16_17-BCC_SAT-Saturday-01,0,0,0,0,0,1,0,20160723,20160924
BCC 16_17-BCC_SUN-Sunday-01,0,0,0,0,0,0,1,20160724,20160925
BCC 16_17-BCC_FUL-M-Tu-W-Th-01,1,1,1,1,0,0,0,20160725,20160929
BCC 16_17-BCC_FUL-M-Tu-W-Th-01-0110000,0,1,1,0,0,0,0,20160725,20160929
BIC 16_17-BIC_FUL-Weekday-01,1,1,1,1,1,0,0,20160722,20160916
BIC 16_17-BIC_SAT-Saturday-01,0,0,0,0,0,1,0,20160723,20160924
BIC 16_17-BIC_SUN-Sunday-01,0,0,0,0,0,0,1,20160724,20160925
BIC 16_17-BIC_WD-Weekday-02,1,1,1,1,1,0,0,20160808,20160930
BITS 16_17-BITS_WD-Weekday-01,1,1,1,1,1,0,0,20160722,20160916
BITS 16_17-BITS_WD-Weekday-01-0000100,0,0,0,0,1,0,0,20160722,20160916
BITS 16_17-BITS_SAT-Saturday-01,0,0,0,0,0,1,0,20160723,20160924
BITS 16_17-BITS_SUN-Sunday-01,0,0,0,0,0,0,1,20160724,20160925
BITS 16_17-BITS_HSC-Weekday-01,1,1,1,1,1,0,0,20160919,20160930
BITS 16_17-BITS_HSC-Weekday-01-0000100,0,0,0,0,1,0,0,20160919,20160930
BLKS 16_17-BLINK-Weekday-01,1,1,1,1,1,0,0,20160722,20160916
BT 16_17-JUL_HUN-Weekday-01,1,1,1,1,1,0,0,20160722,20160722
BT 16_17-JUL_HUN-Weekday-01-0000100,0,0,0,0,1,0,0,20160722,20160722
BT 16_17-JUL_FUL-Saturday-01,0,0,0,0,0,1,0,20160723,20160723
BT 16_17-JUL_FUL-Sunday-01,0,0,0,0,0,0,1,20160724,20160724
BT 16_17-JUL_FUL-Weekday-02,1,1,1,1,1,0,0,20160725,20160916
BT 16_17-JUL_FUL-Weekday-02-0000100,0,0,0,0,1,0,0,20160725,20160916
BT 16_17-JUL_FUL-Saturday-02,0,0,0,0,0,1,0,20160730,20160924
BT 16_17-JUL_FUL-Sunday-02,0,0,0,0,0,0,1,20160731,20160925
BT 16_17-JUL_PH-Sunday-02,0,0,0,0,0,0,1,20160810,20160810
BT 16_17-JUL_HSC-Weekday-02,1,1,1,1,1,0,0,20160919,20160923
BT 16_17-JUL_HSC-Weekday-02-0000100,0,0,0,0,1,0,0,20160919,20160923
BT 16_17-JUL_UNS-Weekday-02,1,1,1,1,1,0,0,20160926,20160930
BT 16_17-JUL_UNS-Weekday-02-0000100,0,0,0,0,1,0,0,20160926,20160930
CBL 16_17-CBL_FUL-Weekday-01,1,1,1,1,1,0,0,20160722,20160916
CBL 16_17-CBL_FUL-Weekday-01-0001000,0,0,0,1,0,0,0,20160722,20160916
CBL 16_17-CBL_SAT-Saturday-01,0,0,0,0,0,1,0,20160723,20160924
CBL 16_17-CBL_SUN-Sunday-01,0,0,0,0,0,0,1,20160724,20160925
CBL 16_17-CBL_HSC-Weekday-01,1,1,1,1,1,0,0,20160808,20160930
CBL 16_17-CBL_HSC-Weekday-01-0001000,0,0,0,1,0,0,0,20160808,20160930
GCLR 16_17-GCLR2014-Weekday-01,1,1,1,1,1,0,0,20160722,20160930
GCLR 16_17-GCLR2014-Weekday-01-0000100,0,0,0,0,1,0,0,20160722,20160930
GCLR 16_17-GCLR2014-Saturday-01,0,0,0,0,0,1,0,20160723,20160924
GCLR 16_17-GCLR2014-Sunday-01,0,0,0,0,0,0,1,20160724,20160925
HBL 16_17-HBL_FUL-Weekday-06,1,1,1,1,1,0,0,20160722,20160916
HBL 16_17-HBL_FUL-Saturday-03,0,0,0,0,0,1,0,20160723,20160924
HBL 16_17-HBL_FUL-Sunday-03,0,0,0,0,0,0,1,20160724,20160925
HBL 16_17-HBL_FUL-Weekday-02,1,1,1,1,1,0,0,20160808,20160808
HBL 16_17-HBL_FUL-Weekday-03,1,1,1,1,1,0,0,20160810,20160810
HBL 16_17-HBL_HOL-Weekday-02,1,1,1,1,1,0,0,20160919,20160930
KBL 16_17-KBL_FUL-Weekday-01,1,1,1,1,1,0,0,20160722,20160916
KBL 16_17-KBL_FUL-Saturday-01,0,0,0,0,0,1,0,20160723,20160924
KBL 16_17-KBL_FUL-Sunday-01,0,0,0,0,0,0,1,20160724,20160925
KBL 16_17-KBL_EKK-Sunday-00,0,0,0,0,0,0,1,20160808,20160808
KBL 16_17-KBL_HOL-Weekday-01,1,1,1,1,1,0,0,20160919,20160930
LBS 16_17-539-Weekday-01,1,1,1,1,1,0,0,20160722,20160930
LBS 16_17-539-Saturday-01,0,0,0,0,0,1,0,20160723,20160924
LBS 16_17-539-Sunday-01,0,0,0,0,0,0,1,20160724,20160925
LCBS 16_17-LCBS_FUL-Weekday-01,1,1,1,1,1,0,0,20160722,20160916
LCBS 16_17-LCBS_FUL-Weekday-01-0001000,0,0,0,1,0,0,0,20160722,20160916
LCBS 16_17-LCBS_FUL-Weekday-01-0000100,0,0,0,0,1,0,0,20160722,20160916
LCBS 16_17-LCBS_SAT-Saturday-01,0,0,0,0,0,1,0,20160723,20160924
LCBS 16_17-LCBS_SUN-Sunday-01,0,0,0,0,0,0,1,20160724,20160925
LCBS 16_17-LCBS_HSC-Weekday-02,1,1,1,1,1,0,0,20160808,20160808
LCBS 16_17-LCBS_HSC-Weekday-02-0001000,0,0,0,1,0,0,0,20160808,20160808
LCBS 16_17-LCBS_HOL-Saturday-01,0,0,0,0,0,1,0,20160810,20160810
LCBS 16_17-LCBS_HSC-Weekday-01,1,1,1,1,1,0,0,20160919,20160930
LCBS 16_17-LCBS_HSC-Weekday-01-0001000,0,0,0,1,0,0,0,20160919,20160930
LCBS 16_17-LCBS_HSC-Weekday-01-0000100,0,0,0,0,1,0,0,20160919,20160930
MGB 16_17-MGB_FUL-Weekday-01,1,1,1,1,1,0,0,20160722,20160916
MGB 16_17-MGB_SAT-Saturday-01,0,0,0,0,0,1,0,20160723,20160924
MGB 16_17-MGB_SUN-Sunday-01,0,0,0,0,0,0,1,20160724,20160925
MGB 16_17-MGB_FUL-Weekday-02,1,1,1,1,1,0,0,20160808,20160808
MGB 16_17-MGB_HSC-Weekday-01,1,1,1,1,1,0,0,20160919,20160930
PRT 16_17-PRT_FUL-Weekday-01,1,1,1,1,1,0,0,20160722,20160916
PRT 16_17-PRT_SAT-Saturday-01,0,0,0,0,0,1,0,20160723,20160924
PRT 16_17-PRT_SUN-Sunday-01,0,0,0,0,0,0,1,20160724,20160925
PRT 16_17-PRT_HSC-Weekday-02,1,1,1,1,1,0,0,20160808,20160808
PRT 16_17-PRT_FUL-Weekday-02,1,1,1,1,1,0,0,20160810,20160810
PRT 16_17-PRT_HSC-Weekday-01,1,1,1,1,1,0,0,20160919,20160930
QR 16_17-Jul_FRI-Friday-00,0,0,0,0,1,0,0,20160722,20160930
QR 16_17-Jul_SAT-Saturday-00,0,0,0,0,0,1,0,20160723,20160924
QR 16_17-Jul_Sun-Sunday-00,0,0,0,0,0,0,1,20160724,20160925
QR 16_17-Jul_MON-Monday-00,1,0,0,0,0,0,0,20160725,20160926
QR 16_17-Jul_TUE-Tuesday-00,0,1,0,0,0,0,0,20160726,20160927
QR 16_17-Jul_WED-Wednesday-01,0,0,1,0,0,0,0,20160727,20160928
QR 16_17-Jul_THU-Thursday-00,0,0,0,1,0,0,0,20160728,20160929
QR 16_17-OCT_SUN-Sunday-01,0,0,0,0,0,0,1,20160810,20160810
QR 16_17-B2B_SUN-Sunday-02,0,0,0,0,0,0,1,20160828,20160828
SBL 16_17-SBL_FUL-Friday-01,0,0,0,0,1,0,0,20160722,20160729
SBL 16_17-SBL_SAT-Saturday-01,0,0,0,0,0,1,0,20160723,20160730
SBL 16_17-SBL_SUN-Sunday-01,0,0,0,0,0,0,1,20160724,20160731
SBL 16_17-SBL_FUL-M-Tu-W-Th-01,1,1,1,1,0,0,0,20160725,20160728
SBL 16_17-SBL_FUL-M-Tu-W-Th-02,1,1,1,1,0,0,0,20160801,20160915
SBL 16_17-SBL_FUL-Friday-02,0,0,0,0,1,0,0,20160805,20160916
SBL 16_17-SBL_SAT-Saturday-02,0,0,0,0,0,1,0,20160806,20160924
SBL 16_17-SBL_SUN-Sunday-02,0,0,0,0,0,0,1,20160807,20160925
SBL 16_17-SBL_HSC-M-Tu-W-Th-02,1,1,1,1,0,0,0,20160919,20160929
SBL 16_17-SBL_HSC-Friday-02,0,0,0,0,1,0,0,20160923,20160930
SUN 16_17-SUN_F-Friday-01,0,0,0,0,1,0,0,20160722,20160930
SUN 16_17-SUN_SAT-Saturday-01,0,0,0,0,0,1,0,20160723,20160924
SUN 16_17-SUN_SUN-Sunday-01,0,0,0,0,0,0,1,20160724,20160925
SUN 16_17-SUN_MT-M-Tu-W-Th-01,1,1,1,1,0,0,0,20160725,20160929
SUN 16_17-SUN_MT-M-Tu-W-Th-01-0001000,0,0,0,1,0,0,0,20160725,20160929
SUN 16_17-SUN_MT-M-Tu-W-Th-01-0010000,0,0,1,0,0,0,0,20160725,20160929
TBS 16_17-TBS_FUL-Weekday-01,1,1,1,1,1,0,0,20160722,20160916
TBS 16_17-TBS_SAT-Saturday-01,0,0,0,0,0,1,0,20160723,20160924
TBS 16_17-TBS_SUN-Sunday-01,0,0,0,0,0,0,1,20160724,20160925
TBS 16_17-TBS_FUL-Weekday-02,1,1,1,1,1,0,0,20160808,20160808
TBS 16_17-TBS_FUL-Weekday-03,1,1,1,1,1,0,0,20160810,20160810
TBS 16_17-TBS_HSC-Weekday-01,1,1,1,1,1,0,0,20160919,20160930
TDEV 16_17-TDEV_FUL-Weekday-01,1,1,1,1,1,0,0,20160722,20160916
TDEV 16_17-TDEV_SAT-Saturday-01,0,0,0,0,0,1,0,20160723,20160924
TDEV 16_17-TDEV_SUN-Sunday-01,0,0,0,0,0,0,1,20160724,20160925
TDEV 16_17-TDV_SUPH-Sunday-02,0,0,0,0,0,0,1,20160808,20160808
TDEV 16_17-TDEV_FUL-Weekday-02,1,1,1,1,1,0,0,20160810,20160810
TDEV 16_17-TDEV_HOL-Weekday-01,1,1,1,1,1,0,0,20160919,20160930
WBS 16_17-WBS_FUL-Weekday-01,1,1,1,1,1,0,0,20160722,20160916
WBS 16_17-WBS_SAT-Saturday-01,0,0,0,0,0,1,0,20160723,20160924
WBS 16_17-WBS_SUN-Sunday-01,0,0,0,0,0,0,1,20160724,20160925
WBS 16_17-WBS_HSC-Weekday-01,1,1,1,1,1,0,0,20160919,20160930
